Initial population: [[0, 0, 1, 0, 0], [0, 0, 0, 1, 0], [0, 0, 0, 0, 0], [0, 1, 0, 1, 1], [0, 0, 1, 1, 1], [0, 0, 1, 0, 0], [1, 0, 1, 1, 1], [0, 1, 0, 1, 0], [1, 1, 0, 0, 0], [0, 1, 0, 0, 0]]
Iteration 0
	Selected: [([1, 0, 1, 1, 1], 0), ([0, 0, 1, 1, 1], 13)]
	Point: 3
	Child: [1, 0, 1, 1, 1]
	Mutated: [1, 0, 1, 1, 1]
	Descarted: ([1, 1, 0, 0, 0], 0)
	Fitness: 13
	New population:
		 ([0, 1, 0, 1, 1], 13)
		 ([0, 0, 1, 1, 1], 13)
		 ([0, 1, 0, 1, 0], 3)
		 ([0, 0, 1, 0, 0], 2)
		 ([0, 0, 1, 0, 0], 2)
		 ([0, 1, 0, 0, 0], 2)
		 ([0, 0, 0, 1, 0], 1)
		 ([0, 0, 0, 0, 0], 0)
		 ([1, 0, 1, 1, 1], 0)
		 ([1, 1, 0, 0, 0], 0)
Iteration 1
	Selected: [([0, 0, 1, 1, 1], 13), ([0, 1, 0, 1, 0], 3)]
	Point: 4
	Child: [0, 0, 1, 1, 0]
	Mutated: [0, 0, 1, 1, 0]
	Descarted: ([1, 0, 1, 1, 1], 0)
	Fitness: 13
	New population:
		 ([0, 1, 0, 1, 1], 13)
		 ([0, 0, 1, 1, 1], 13)
		 ([0, 1, 0, 1, 0], 3)
		 ([0, 0, 1, 1, 0], 3)
		 ([0, 0, 1, 0, 0], 2)
		 ([0, 0, 1, 0, 0], 2)
		 ([0, 1, 0, 0, 0], 2)
		 ([0, 0, 0, 1, 0], 1)
		 ([0, 0, 0, 0, 0], 0)
		 ([1, 0, 1, 1, 1], 0)
Iteration 2
	Selected: [([0, 0, 0, 0, 0], 0), ([0, 0, 1, 1, 0], 3)]
	Point: 5
	Child: [0, 0, 0, 0, 0]
	Mutated: [0, 0, 1, 0, 0]
	Descarted: ([0, 0, 0, 0, 0], 0)
	Fitness: 13
	New population:
		 ([0, 1, 0, 1, 1], 13)
		 ([0, 0, 1, 1, 1], 13)
		 ([0, 1, 0, 1, 0], 3)
		 ([0, 0, 1, 1, 0], 3)
		 ([0, 0, 1, 0, 0], 2)
		 ([0, 0, 1, 0, 0], 2)
		 ([0, 1, 0, 0, 0], 2)
		 ([0, 0, 1, 0, 0], 2)
		 ([0, 0, 0, 1, 0], 1)
		 ([0, 0, 0, 0, 0], 0)
Iteration 3
	Selected: [([0, 1, 0, 0, 0], 2), ([0, 0, 1, 0, 0], 2)]
	Point: 0
	Child: [0, 0, 1, 0, 0]
	Mutated: [0, 0, 1, 0, 0]
	Descarted: ([0, 0, 0, 1, 0], 1)
	Fitness: 13
	New population:
		 ([0, 1, 0, 1, 1], 13)
		 ([0, 0, 1, 1, 1], 13)
		 ([0, 1, 0, 1, 0], 3)
		 ([0, 0, 1, 1, 0], 3)
		 ([0, 0, 1, 0, 0], 2)
		 ([0, 0, 1, 0, 0], 2)
		 ([0, 1, 0, 0, 0], 2)
		 ([0, 0, 1, 0, 0], 2)
		 ([0, 0, 1, 0, 0], 2)
		 ([0, 0, 0, 1, 0], 1)
Iteration 4
	Selected: [([0, 1, 0, 0, 0], 2), ([0, 0, 1, 0, 0], 2)]
	Point: 1
	Child: [0, 0, 1, 0, 0]
	Mutated: [0, 0, 1, 0, 0]
	Descarted: ([0, 0, 1, 0, 0], 2)
	Fitness: 13
	New population:
		 ([0, 1, 0, 1, 1], 13)
		 ([0, 0, 1, 1, 1], 13)
		 ([0, 1, 0, 1, 0], 3)
		 ([0, 0, 1, 1, 0], 3)
		 ([0, 0, 1, 0, 0], 2)
		 ([0, 0, 1, 0, 0], 2)
		 ([0, 1, 0, 0, 0], 2)
		 ([0, 0, 1, 0, 0], 2)
		 ([0, 0, 1, 0, 0], 2)
		 ([0, 0, 1, 0, 0], 2)
Iteration 5
	Selected: [([0, 0, 1, 0, 0], 2), ([0, 1, 0, 0, 0], 2)]
	Point: 2
	Child: [0, 0, 0, 0, 0]
	Mutated: [0, 0, 0, 1, 1]
	Descarted: ([0, 0, 1, 0, 0], 2)
	Fitness: 13
	New population:
		 ([0, 1, 0, 1, 1], 13)
		 ([0, 0, 1, 1, 1], 13)
		 ([0, 0, 0, 1, 1], 11)
		 ([0, 1, 0, 1, 0], 3)
		 ([0, 0, 1, 1, 0], 3)
		 ([0, 0, 1, 0, 0], 2)
		 ([0, 0, 1, 0, 0], 2)
		 ([0, 1, 0, 0, 0], 2)
		 ([0, 0, 1, 0, 0], 2)
		 ([0, 0, 1, 0, 0], 2)
Iteration 6
	Selected: [([0, 0, 1, 1, 1], 13), ([0, 0, 0, 1, 1], 11)]
	Point: 5
	Child: [0, 0, 1, 1, 1]
	Mutated: [0, 0, 1, 1, 1]
	Descarted: ([0, 0, 1, 0, 0], 2)
	Fitness: 13
	New population:
		 ([0, 1, 0, 1, 1], 13)
		 ([0, 0, 1, 1, 1], 13)
		 ([0, 0, 1, 1, 1], 13)
		 ([0, 0, 0, 1, 1], 11)
		 ([0, 1, 0, 1, 0], 3)
		 ([0, 0, 1, 1, 0], 3)
		 ([0, 0, 1, 0, 0], 2)
		 ([0, 0, 1, 0, 0], 2)
		 ([0, 1, 0, 0, 0], 2)
		 ([0, 0, 1, 0, 0], 2)
Iteration 7
	Selected: [([0, 0, 1, 0, 0], 2), ([0, 1, 0, 0, 0], 2)]
	Point: 2
	Child: [0, 0, 0, 0, 0]
	Mutated: [0, 0, 1, 0, 0]
	Descarted: ([0, 0, 1, 0, 0], 2)
	Fitness: 13
	New population:
		 ([0, 1, 0, 1, 1], 13)
		 ([0, 0, 1, 1, 1], 13)
		 ([0, 0, 1, 1, 1], 13)
		 ([0, 0, 0, 1, 1], 11)
		 ([0, 1, 0, 1, 0], 3)
		 ([0, 0, 1, 1, 0], 3)
		 ([0, 0, 1, 0, 0], 2)
		 ([0, 0, 1, 0, 0], 2)
		 ([0, 1, 0, 0, 0], 2)
		 ([0, 0, 1, 0, 0], 2)
Iteration 8
	Selected: [([0, 1, 0, 0, 0], 2), ([0, 1, 0, 1, 0], 3)]
	Point: 5
	Child: [0, 1, 0, 0, 0]
	Mutated: [0, 1, 0, 1, 0]
	Descarted: ([0, 1, 0, 0, 0], 2)
	Fitness: 13
	New population:
		 ([0, 1, 0, 1, 1], 13)
		 ([0, 0, 1, 1, 1], 13)
		 ([0, 0, 1, 1, 1], 13)
		 ([0, 0, 0, 1, 1], 11)
		 ([0, 1, 0, 1, 0], 3)
		 ([0, 0, 1, 1, 0], 3)
		 ([0, 1, 0, 1, 0], 3)
		 ([0, 0, 1, 0, 0], 2)
		 ([0, 0, 1, 0, 0], 2)
		 ([0, 1, 0, 0, 0], 2)
Iteration 9
	Selected: [([0, 1, 0, 1, 0], 3), ([0, 0, 1, 0, 0], 2)]
	Point: 1
	Child: [0, 0, 1, 0, 0]
	Mutated: [0, 0, 1, 0, 0]
	Descarted: ([0, 1, 0, 0, 0], 2)
	Fitness: 13
	New population:
		 ([0, 1, 0, 1, 1], 13)
		 ([0, 0, 1, 1, 1], 13)
		 ([0, 0, 1, 1, 1], 13)
		 ([0, 0, 0, 1, 1], 11)
		 ([0, 1, 0, 1, 0], 3)
		 ([0, 0, 1, 1, 0], 3)
		 ([0, 1, 0, 1, 0], 3)
		 ([0, 0, 1, 0, 0], 2)
		 ([0, 0, 1, 0, 0], 2)
		 ([0, 1, 0, 0, 0], 2)
Iteration 10
	Selected: [([0, 0, 0, 1, 1], 11), ([0, 0, 1, 1, 1], 13)]
	Point: 2
	Child: [0, 0, 1, 1, 1]
	Mutated: [0, 0, 1, 1, 0]
	Descarted: ([0, 0, 1, 0, 0], 2)
	Fitness: 13
	New population:
		 ([0, 1, 0, 1, 1], 13)
		 ([0, 0, 1, 1, 1], 13)
		 ([0, 0, 1, 1, 1], 13)
		 ([0, 0, 0, 1, 1], 11)
		 ([0, 1, 0, 1, 0], 3)
		 ([0, 0, 1, 1, 0], 3)
		 ([0, 1, 0, 1, 0], 3)
		 ([0, 0, 1, 1, 0], 3)
		 ([0, 0, 1, 0, 0], 2)
		 ([0, 0, 1, 0, 0], 2)
Iteration 11
	Selected: [([0, 0, 1, 1, 0], 3), ([0, 0, 1, 1, 0], 3)]
	Point: 0
	Child: [0, 0, 1, 1, 0]
	Mutated: [0, 0, 1, 1, 0]
	Descarted: ([0, 0, 1, 0, 0], 2)
	Fitness: 13
	New population:
		 ([0, 1, 0, 1, 1], 13)
		 ([0, 0, 1, 1, 1], 13)
		 ([0, 0, 1, 1, 1], 13)
		 ([0, 0, 0, 1, 1], 11)
		 ([0, 1, 0, 1, 0], 3)
		 ([0, 0, 1, 1, 0], 3)
		 ([0, 1, 0, 1, 0], 3)
		 ([0, 0, 1, 1, 0], 3)
		 ([0, 0, 1, 1, 0], 3)
		 ([0, 0, 1, 0, 0], 2)
Iteration 12
	Selected: [([0, 0, 0, 1, 1], 11), ([0, 0, 1, 1, 1], 13)]
	Point: 0
	Child: [0, 0, 1, 1, 1]
	Mutated: [0, 0, 1, 1, 1]
	Descarted: ([0, 0, 1, 1, 0], 3)
	Fitness: 13
	New population:
		 ([0, 1, 0, 1, 1], 13)
		 ([0, 0, 1, 1, 1], 13)
		 ([0, 0, 1, 1, 1], 13)
		 ([0, 0, 1, 1, 1], 13)
		 ([0, 0, 0, 1, 1], 11)
		 ([0, 1, 0, 1, 0], 3)
		 ([0, 0, 1, 1, 0], 3)
		 ([0, 1, 0, 1, 0], 3)
		 ([0, 0, 1, 1, 0], 3)
		 ([0, 0, 1, 1, 0], 3)
Iteration 13
	Selected: [([0, 1, 0, 1, 0], 3), ([0, 0, 1, 1, 0], 3)]
	Point: 1
	Child: [0, 0, 1, 1, 0]
	Mutated: [0, 0, 1, 1, 0]
	Descarted: ([0, 0, 1, 1, 0], 3)
	Fitness: 13
	New population:
		 ([0, 1, 0, 1, 1], 13)
		 ([0, 0, 1, 1, 1], 13)
		 ([0, 0, 1, 1, 1], 13)
		 ([0, 0, 1, 1, 1], 13)
		 ([0, 0, 0, 1, 1], 11)
		 ([0, 1, 0, 1, 0], 3)
		 ([0, 0, 1, 1, 0], 3)
		 ([0, 1, 0, 1, 0], 3)
		 ([0, 0, 1, 1, 0], 3)
		 ([0, 0, 1, 1, 0], 3)
Iteration 14
	Selected: [([0, 0, 1, 1, 1], 13), ([0, 0, 0, 1, 1], 11)]
	Point: 3
	Child: [0, 0, 1, 1, 1]
	Mutated: [0, 0, 1, 1, 1]
	Descarted: ([0, 0, 1, 1, 0], 3)
	Fitness: 13
	New population:
		 ([0, 1, 0, 1, 1], 13)
		 ([0, 0, 1, 1, 1], 13)
		 ([0, 0, 1, 1, 1], 13)
		 ([0, 0, 1, 1, 1], 13)
		 ([0, 0, 1, 1, 1], 13)
		 ([0, 0, 0, 1, 1], 11)
		 ([0, 1, 0, 1, 0], 3)
		 ([0, 0, 1, 1, 0], 3)
		 ([0, 1, 0, 1, 0], 3)
		 ([0, 0, 1, 1, 0], 3)
Iteration 15
	Selected: [([0, 0, 1, 1, 1], 13), ([0, 0, 1, 1, 1], 13)]
	Point: 2
	Child: [0, 0, 1, 1, 1]
	Mutated: [1, 0, 1, 0, 1]
	Descarted: ([0, 0, 1, 1, 0], 3)
	Fitness: 13
	New population:
		 ([0, 1, 0, 1, 1], 13)
		 ([0, 0, 1, 1, 1], 13)
		 ([0, 0, 1, 1, 1], 13)
		 ([0, 0, 1, 1, 1], 13)
		 ([0, 0, 1, 1, 1], 13)
		 ([0, 0, 0, 1, 1], 11)
		 ([0, 1, 0, 1, 0], 3)
		 ([0, 0, 1, 1, 0], 3)
		 ([0, 1, 0, 1, 0], 3)
		 ([0, 0, 1, 1, 0], 3)
Iteration 16
	Selected: [([0, 1, 0, 1, 1], 13), ([0, 0, 1, 1, 1], 13)]
	Point: 0
	Child: [0, 0, 1, 1, 1]
	Mutated: [0, 0, 0, 1, 1]
	Descarted: ([0, 1, 0, 1, 0], 3)
	Fitness: 13
	New population:
		 ([0, 1, 0, 1, 1], 13)
		 ([0, 0, 1, 1, 1], 13)
		 ([0, 0, 1, 1, 1], 13)
		 ([0, 0, 1, 1, 1], 13)
		 ([0, 0, 1, 1, 1], 13)
		 ([0, 0, 0, 1, 1], 11)
		 ([0, 0, 0, 1, 1], 11)
		 ([0, 1, 0, 1, 0], 3)
		 ([0, 0, 1, 1, 0], 3)
		 ([0, 1, 0, 1, 0], 3)
Iteration 17
	Selected: [([0, 0, 1, 1, 1], 13), ([0, 0, 1, 1, 0], 3)]
	Point: 1
	Child: [0, 0, 1, 1, 0]
	Mutated: [0, 0, 1, 1, 0]
	Descarted: ([0, 1, 0, 1, 0], 3)
	Fitness: 13
	New population:
		 ([0, 1, 0, 1, 1], 13)
		 ([0, 0, 1, 1, 1], 13)
		 ([0, 0, 1, 1, 1], 13)
		 ([0, 0, 1, 1, 1], 13)
		 ([0, 0, 1, 1, 1], 13)
		 ([0, 0, 0, 1, 1], 11)
		 ([0, 0, 0, 1, 1], 11)
		 ([0, 1, 0, 1, 0], 3)
		 ([0, 0, 1, 1, 0], 3)
		 ([0, 1, 0, 1, 0], 3)
Iteration 18
	Selected: [([0, 0, 0, 1, 1], 11), ([0, 0, 1, 1, 1], 13)]
	Point: 0
	Child: [0, 0, 1, 1, 1]
	Mutated: [1, 0, 1, 1, 1]
	Descarted: ([0, 1, 0, 1, 0], 3)
	Fitness: 13
	New population:
		 ([0, 1, 0, 1, 1], 13)
		 ([0, 0, 1, 1, 1], 13)
		 ([0, 0, 1, 1, 1], 13)
		 ([0, 0, 1, 1, 1], 13)
		 ([0, 0, 1, 1, 1], 13)
		 ([0, 0, 0, 1, 1], 11)
		 ([0, 0, 0, 1, 1], 11)
		 ([0, 1, 0, 1, 0], 3)
		 ([0, 0, 1, 1, 0], 3)
		 ([0, 1, 0, 1, 0], 3)
Iteration 19
	Selected: [([0, 0, 1, 1, 1], 13), ([0, 1, 0, 1, 1], 13)]
	Point: 3
	Child: [0, 0, 1, 1, 1]
	Mutated: [0, 0, 1, 1, 1]
	Descarted: ([0, 0, 1, 1, 0], 3)
	Fitness: 13
	New population:
		 ([0, 1, 0, 1, 1], 13)
		 ([0, 0, 1, 1, 1], 13)
		 ([0, 0, 1, 1, 1], 13)
		 ([0, 0, 1, 1, 1], 13)
		 ([0, 0, 1, 1, 1], 13)
		 ([0, 0, 1, 1, 1], 13)
		 ([0, 0, 0, 1, 1], 11)
		 ([0, 0, 0, 1, 1], 11)
		 ([0, 1, 0, 1, 0], 3)
		 ([0, 0, 1, 1, 0], 3)
Iteration 20
	Selected: [([0, 0, 1, 1, 1], 13), ([0, 0, 0, 1, 1], 11)]
	Point: 1
	Child: [0, 0, 0, 1, 1]
	Mutated: [0, 0, 0, 1, 1]
	Descarted: ([0, 1, 0, 1, 0], 3)
	Fitness: 13
	New population:
		 ([0, 1, 0, 1, 1], 13)
		 ([0, 0, 1, 1, 1], 13)
		 ([0, 0, 1, 1, 1], 13)
		 ([0, 0, 1, 1, 1], 13)
		 ([0, 0, 1, 1, 1], 13)
		 ([0, 0, 1, 1, 1], 13)
		 ([0, 0, 0, 1, 1], 11)
		 ([0, 0, 0, 1, 1], 11)
		 ([0, 0, 0, 1, 1], 11)
		 ([0, 1, 0, 1, 0], 3)
Iteration 21
	Selected: [([0, 0, 0, 1, 1], 11), ([0, 0, 1, 1, 1], 13)]
	Point: 0
	Child: [0, 0, 1, 1, 1]
	Mutated: [0, 0, 0, 0, 1]
	Descarted: ([0, 0, 0, 0, 1], 10)
	Fitness: 13
	New population:
		 ([0, 1, 0, 1, 1], 13)
		 ([0, 0, 1, 1, 1], 13)
		 ([0, 0, 1, 1, 1], 13)
		 ([0, 0, 1, 1, 1], 13)
		 ([0, 0, 1, 1, 1], 13)
		 ([0, 0, 1, 1, 1], 13)
		 ([0, 0, 0, 1, 1], 11)
		 ([0, 0, 0, 1, 1], 11)
		 ([0, 0, 0, 1, 1], 11)
		 ([0, 0, 0, 0, 1], 10)
Iteration 22
	Selected: [([0, 0, 1, 1, 1], 13), ([0, 0, 1, 1, 1], 13)]
	Point: 3
	Child: [0, 0, 1, 1, 1]
	Mutated: [0, 0, 1, 0, 1]
	Descarted: ([0, 0, 0, 1, 1], 11)
	Fitness: 13
	New population:
		 ([0, 1, 0, 1, 1], 13)
		 ([0, 0, 1, 1, 1], 13)
		 ([0, 0, 1, 1, 1], 13)
		 ([0, 0, 1, 1, 1], 13)
		 ([0, 0, 1, 1, 1], 13)
		 ([0, 0, 1, 1, 1], 13)
		 ([0, 0, 1, 0, 1], 12)
		 ([0, 0, 0, 1, 1], 11)
		 ([0, 0, 0, 1, 1], 11)
		 ([0, 0, 0, 1, 1], 11)
Iteration 23
	Selected: [([0, 0, 1, 0, 1], 12), ([0, 0, 1, 1, 1], 13)]
	Point: 3
	Child: [0, 0, 1, 1, 1]
	Mutated: [0, 0, 1, 1, 1]
	Descarted: ([0, 0, 0, 1, 1], 11)
	Fitness: 13
	New population:
		 ([0, 1, 0, 1, 1], 13)
		 ([0, 0, 1, 1, 1], 13)
		 ([0, 0, 1, 1, 1], 13)
		 ([0, 0, 1, 1, 1], 13)
		 ([0, 0, 1, 1, 1], 13)
		 ([0, 0, 1, 1, 1], 13)
		 ([0, 0, 1, 1, 1], 13)
		 ([0, 0, 1, 0, 1], 12)
		 ([0, 0, 0, 1, 1], 11)
		 ([0, 0, 0, 1, 1], 11)
Iteration 24
	Selected: [([0, 0, 1, 0, 1], 12), ([0, 0, 1, 1, 1], 13)]
	Point: 1
	Child: [0, 0, 1, 1, 1]
	Mutated: [0, 0, 1, 1, 1]
	Descarted: ([0, 0, 0, 1, 1], 11)
	Fitness: 13
	New population:
		 ([0, 1, 0, 1, 1], 13)
		 ([0, 0, 1, 1, 1], 13)
		 ([0, 0, 1, 1, 1], 13)
		 ([0, 0, 1, 1, 1], 13)
		 ([0, 0, 1, 1, 1], 13)
		 ([0, 0, 1, 1, 1], 13)
		 ([0, 0, 1, 1, 1], 13)
		 ([0, 0, 1, 1, 1], 13)
		 ([0, 0, 1, 0, 1], 12)
		 ([0, 0, 0, 1, 1], 11)
Iteration 25
	Selected: [([0, 1, 0, 1, 1], 13), ([0, 0, 0, 1, 1], 11)]
	Point: 4
	Child: [0, 1, 0, 1, 1]
	Mutated: [0, 1, 0, 0, 1]
	Descarted: ([0, 1, 0, 0, 1], 12)
	Fitness: 13
	New population:
		 ([0, 1, 0, 1, 1], 13)
		 ([0, 0, 1, 1, 1], 13)
		 ([0, 0, 1, 1, 1], 13)
		 ([0, 0, 1, 1, 1], 13)
		 ([0, 0, 1, 1, 1], 13)
		 ([0, 0, 1, 1, 1], 13)
		 ([0, 0, 1, 1, 1], 13)
		 ([0, 0, 1, 1, 1], 13)
		 ([0, 0, 1, 0, 1], 12)
		 ([0, 1, 0, 0, 1], 12)
Iteration 26
	Selected: [([0, 0, 1, 1, 1], 13), ([0, 0, 1, 1, 1], 13)]
	Point: 4
	Child: [0, 0, 1, 1, 1]
	Mutated: [1, 0, 1, 1, 1]
	Descarted: ([0, 1, 0, 0, 1], 12)
	Fitness: 13
	New population:
		 ([0, 1, 0, 1, 1], 13)
		 ([0, 0, 1, 1, 1], 13)
		 ([0, 0, 1, 1, 1], 13)
		 ([0, 0, 1, 1, 1], 13)
		 ([0, 0, 1, 1, 1], 13)
		 ([0, 0, 1, 1, 1], 13)
		 ([0, 0, 1, 1, 1], 13)
		 ([0, 0, 1, 1, 1], 13)
		 ([0, 0, 1, 0, 1], 12)
		 ([0, 1, 0, 0, 1], 12)
Iteration 27
	Selected: [([0, 1, 0, 0, 1], 12), ([0, 1, 0, 1, 1], 13)]
	Point: 4
	Child: [0, 1, 0, 0, 1]
	Mutated: [1, 1, 0, 0, 1]
	Descarted: ([0, 1, 0, 0, 1], 12)
	Fitness: 13
	New population:
		 ([0, 1, 0, 1, 1], 13)
		 ([0, 0, 1, 1, 1], 13)
		 ([0, 0, 1, 1, 1], 13)
		 ([0, 0, 1, 1, 1], 13)
		 ([0, 0, 1, 1, 1], 13)
		 ([0, 0, 1, 1, 1], 13)
		 ([0, 0, 1, 1, 1], 13)
		 ([0, 0, 1, 1, 1], 13)
		 ([0, 0, 1, 0, 1], 12)
		 ([0, 1, 0, 0, 1], 12)
Iteration 28
	Selected: [([0, 0, 1, 1, 1], 13), ([0, 0, 1, 1, 1], 13)]
	Point: 2
	Child: [0, 0, 1, 1, 1]
	Mutated: [0, 0, 1, 1, 1]
	Descarted: ([0, 0, 1, 0, 1], 12)
	Fitness: 13
	New population:
		 ([0, 1, 0, 1, 1], 13)
		 ([0, 0, 1, 1, 1], 13)
		 ([0, 0, 1, 1, 1], 13)
		 ([0, 0, 1, 1, 1], 13)
		 ([0, 0, 1, 1, 1], 13)
		 ([0, 0, 1, 1, 1], 13)
		 ([0, 0, 1, 1, 1], 13)
		 ([0, 0, 1, 1, 1], 13)
		 ([0, 0, 1, 1, 1], 13)
		 ([0, 0, 1, 0, 1], 12)
Iteration 29
	Selected: [([0, 0, 1, 1, 1], 13), ([0, 1, 0, 1, 1], 13)]
	Point: 3
	Child: [0, 0, 1, 1, 1]
	Mutated: [0, 0, 0, 1, 1]
	Descarted: ([0, 0, 1, 0, 1], 12)
	Fitness: 13
	New population:
		 ([0, 1, 0, 1, 1], 13)
		 ([0, 0, 1, 1, 1], 13)
		 ([0, 0, 1, 1, 1], 13)
		 ([0, 0, 1, 1, 1], 13)
		 ([0, 0, 1, 1, 1], 13)
		 ([0, 0, 1, 1, 1], 13)
		 ([0, 0, 1, 1, 1], 13)
		 ([0, 0, 1, 1, 1], 13)
		 ([0, 0, 1, 1, 1], 13)
		 ([0, 0, 1, 0, 1], 12)
Iteration 30
	Selected: [([0, 0, 1, 1, 1], 13), ([0, 0, 1, 1, 1], 13)]
	Point: 0
	Child: [0, 0, 1, 1, 1]
	Mutated: [0, 0, 1, 1, 1]
	Descarted: ([0, 0, 1, 1, 1], 13)
	Fitness: 13
	New population:
		 ([0, 1, 0, 1, 1], 13)
		 ([0, 0, 1, 1, 1], 13)
		 ([0, 0, 1, 1, 1], 13)
		 ([0, 0, 1, 1, 1], 13)
		 ([0, 0, 1, 1, 1], 13)
		 ([0, 0, 1, 1, 1], 13)
		 ([0, 0, 1, 1, 1], 13)
		 ([0, 0, 1, 1, 1], 13)
		 ([0, 0, 1, 1, 1], 13)
		 ([0, 0, 1, 1, 1], 13)
Iteration 31
	Selected: [([0, 0, 1, 1, 1], 13), ([0, 0, 1, 1, 1], 13)]
	Point: 0
	Child: [0, 0, 1, 1, 1]
	Mutated: [0, 0, 1, 1, 1]
	Descarted: ([0, 0, 1, 1, 1], 13)
	Fitness: 13
	New population:
		 ([0, 1, 0, 1, 1], 13)
		 ([0, 0, 1, 1, 1], 13)
		 ([0, 0, 1, 1, 1], 13)
		 ([0, 0, 1, 1, 1], 13)
		 ([0, 0, 1, 1, 1], 13)
		 ([0, 0, 1, 1, 1], 13)
		 ([0, 0, 1, 1, 1], 13)
		 ([0, 0, 1, 1, 1], 13)
		 ([0, 0, 1, 1, 1], 13)
		 ([0, 0, 1, 1, 1], 13)
Iteration 32
	Selected: [([0, 0, 1, 1, 1], 13), ([0, 0, 1, 1, 1], 13)]
	Point: 0
	Child: [0, 0, 1, 1, 1]
	Mutated: [0, 0, 1, 1, 1]
	Descarted: ([0, 0, 1, 1, 1], 13)
	Fitness: 13
	New population:
		 ([0, 1, 0, 1, 1], 13)
		 ([0, 0, 1, 1, 1], 13)
		 ([0, 0, 1, 1, 1], 13)
		 ([0, 0, 1, 1, 1], 13)
		 ([0, 0, 1, 1, 1], 13)
		 ([0, 0, 1, 1, 1], 13)
		 ([0, 0, 1, 1, 1], 13)
		 ([0, 0, 1, 1, 1], 13)
		 ([0, 0, 1, 1, 1], 13)
		 ([0, 0, 1, 1, 1], 13)
Iteration 33
	Selected: [([0, 0, 1, 1, 1], 13), ([0, 0, 1, 1, 1], 13)]
	Point: 3
	Child: [0, 0, 1, 1, 1]
	Mutated: [0, 0, 0, 1, 1]
	Descarted: ([0, 0, 1, 1, 1], 13)
	Fitness: 13
	New population:
		 ([0, 1, 0, 1, 1], 13)
		 ([0, 0, 1, 1, 1], 13)
		 ([0, 0, 1, 1, 1], 13)
		 ([0, 0, 1, 1, 1], 13)
		 ([0, 0, 1, 1, 1], 13)
		 ([0, 0, 1, 1, 1], 13)
		 ([0, 0, 1, 1, 1], 13)
		 ([0, 0, 1, 1, 1], 13)
		 ([0, 0, 1, 1, 1], 13)
		 ([0, 0, 1, 1, 1], 13)
Iteration 34
	Selected: [([0, 1, 0, 1, 1], 13), ([0, 0, 1, 1, 1], 13)]
	Point: 2
	Child: [0, 1, 1, 1, 1]
	Mutated: [0, 1, 1, 1, 1]
	Descarted: ([0, 0, 1, 1, 1], 13)
	Fitness: 15
	New population:
		 ([0, 1, 1, 1, 1], 15)
		 ([0, 1, 0, 1, 1], 13)
		 ([0, 0, 1, 1, 1], 13)
		 ([0, 0, 1, 1, 1], 13)
		 ([0, 0, 1, 1, 1], 13)
		 ([0, 0, 1, 1, 1], 13)
		 ([0, 0, 1, 1, 1], 13)
		 ([0, 0, 1, 1, 1], 13)
		 ([0, 0, 1, 1, 1], 13)
		 ([0, 0, 1, 1, 1], 13)
Iteration 35
	Selected: [([0, 0, 1, 1, 1], 13), ([0, 0, 1, 1, 1], 13)]
	Point: 0
	Child: [0, 0, 1, 1, 1]
	Mutated: [0, 0, 1, 1, 0]
	Descarted: ([0, 0, 1, 1, 1], 13)
	Fitness: 15
	New population:
		 ([0, 1, 1, 1, 1], 15)
		 ([0, 1, 0, 1, 1], 13)
		 ([0, 0, 1, 1, 1], 13)
		 ([0, 0, 1, 1, 1], 13)
		 ([0, 0, 1, 1, 1], 13)
		 ([0, 0, 1, 1, 1], 13)
		 ([0, 0, 1, 1, 1], 13)
		 ([0, 0, 1, 1, 1], 13)
		 ([0, 0, 1, 1, 1], 13)
		 ([0, 0, 1, 1, 1], 13)
Iteration 36
	Selected: [([0, 0, 1, 1, 1], 13), ([0, 0, 1, 1, 1], 13)]
	Point: 1
	Child: [0, 0, 1, 1, 1]
	Mutated: [0, 1, 1, 1, 1]
	Descarted: ([0, 0, 1, 1, 1], 13)
	Fitness: 15
	New population:
		 ([0, 1, 1, 1, 1], 15)
		 ([0, 1, 1, 1, 1], 15)
		 ([0, 1, 0, 1, 1], 13)
		 ([0, 0, 1, 1, 1], 13)
		 ([0, 0, 1, 1, 1], 13)
		 ([0, 0, 1, 1, 1], 13)
		 ([0, 0, 1, 1, 1], 13)
		 ([0, 0, 1, 1, 1], 13)
		 ([0, 0, 1, 1, 1], 13)
		 ([0, 0, 1, 1, 1], 13)
Iteration 37
	Selected: [([0, 1, 1, 1, 1], 15), ([0, 0, 1, 1, 1], 13)]
	Point: 1
	Child: [0, 0, 1, 1, 1]
	Mutated: [0, 0, 1, 1, 1]
	Descarted: ([0, 0, 1, 1, 1], 13)
	Fitness: 15
	New population:
		 ([0, 1, 1, 1, 1], 15)
		 ([0, 1, 1, 1, 1], 15)
		 ([0, 1, 0, 1, 1], 13)
		 ([0, 0, 1, 1, 1], 13)
		 ([0, 0, 1, 1, 1], 13)
		 ([0, 0, 1, 1, 1], 13)
		 ([0, 0, 1, 1, 1], 13)
		 ([0, 0, 1, 1, 1], 13)
		 ([0, 0, 1, 1, 1], 13)
		 ([0, 0, 1, 1, 1], 13)
Iteration 38
	Selected: [([0, 0, 1, 1, 1], 13), ([0, 1, 0, 1, 1], 13)]
	Point: 1
	Child: [0, 1, 0, 1, 1]
	Mutated: [0, 1, 0, 1, 0]
	Descarted: ([0, 0, 1, 1, 1], 13)
	Fitness: 15
	New population:
		 ([0, 1, 1, 1, 1], 15)
		 ([0, 1, 1, 1, 1], 15)
		 ([0, 1, 0, 1, 1], 13)
		 ([0, 0, 1, 1, 1], 13)
		 ([0, 0, 1, 1, 1], 13)
		 ([0, 0, 1, 1, 1], 13)
		 ([0, 0, 1, 1, 1], 13)
		 ([0, 0, 1, 1, 1], 13)
		 ([0, 0, 1, 1, 1], 13)
		 ([0, 0, 1, 1, 1], 13)
Iteration 39
	Selected: [([0, 0, 1, 1, 1], 13), ([0, 0, 1, 1, 1], 13)]
	Point: 5
	Child: [0, 0, 1, 1, 1]
	Mutated: [0, 0, 1, 1, 1]
	Descarted: ([0, 0, 1, 1, 1], 13)
	Fitness: 15
	New population:
		 ([0, 1, 1, 1, 1], 15)
		 ([0, 1, 1, 1, 1], 15)
		 ([0, 1, 0, 1, 1], 13)
		 ([0, 0, 1, 1, 1], 13)
		 ([0, 0, 1, 1, 1], 13)
		 ([0, 0, 1, 1, 1], 13)
		 ([0, 0, 1, 1, 1], 13)
		 ([0, 0, 1, 1, 1], 13)
		 ([0, 0, 1, 1, 1], 13)
		 ([0, 0, 1, 1, 1], 13)
Iteration 40
	Selected: [([0, 1, 1, 1, 1], 15), ([0, 0, 1, 1, 1], 13)]
	Point: 1
	Child: [0, 0, 1, 1, 1]
	Mutated: [0, 0, 1, 1, 1]
	Descarted: ([0, 0, 1, 1, 1], 13)
	Fitness: 15
	New population:
		 ([0, 1, 1, 1, 1], 15)
		 ([0, 1, 1, 1, 1], 15)
		 ([0, 1, 0, 1, 1], 13)
		 ([0, 0, 1, 1, 1], 13)
		 ([0, 0, 1, 1, 1], 13)
		 ([0, 0, 1, 1, 1], 13)
		 ([0, 0, 1, 1, 1], 13)
		 ([0, 0, 1, 1, 1], 13)
		 ([0, 0, 1, 1, 1], 13)
		 ([0, 0, 1, 1, 1], 13)
Iteration 41
	Selected: [([0, 0, 1, 1, 1], 13), ([0, 1, 1, 1, 1], 15)]
	Point: 5
	Child: [0, 0, 1, 1, 1]
	Mutated: [0, 0, 1, 1, 1]
	Descarted: ([0, 0, 1, 1, 1], 13)
	Fitness: 15
	New population:
		 ([0, 1, 1, 1, 1], 15)
		 ([0, 1, 1, 1, 1], 15)
		 ([0, 1, 0, 1, 1], 13)
		 ([0, 0, 1, 1, 1], 13)
		 ([0, 0, 1, 1, 1], 13)
		 ([0, 0, 1, 1, 1], 13)
		 ([0, 0, 1, 1, 1], 13)
		 ([0, 0, 1, 1, 1], 13)
		 ([0, 0, 1, 1, 1], 13)
		 ([0, 0, 1, 1, 1], 13)
Iteration 42
	Selected: [([0, 0, 1, 1, 1], 13), ([0, 0, 1, 1, 1], 13)]
	Point: 5
	Child: [0, 0, 1, 1, 1]
	Mutated: [0, 0, 1, 1, 1]
	Descarted: ([0, 0, 1, 1, 1], 13)
	Fitness: 15
	New population:
		 ([0, 1, 1, 1, 1], 15)
		 ([0, 1, 1, 1, 1], 15)
		 ([0, 1, 0, 1, 1], 13)
		 ([0, 0, 1, 1, 1], 13)
		 ([0, 0, 1, 1, 1], 13)
		 ([0, 0, 1, 1, 1], 13)
		 ([0, 0, 1, 1, 1], 13)
		 ([0, 0, 1, 1, 1], 13)
		 ([0, 0, 1, 1, 1], 13)
		 ([0, 0, 1, 1, 1], 13)
Iteration 43
	Selected: [([0, 1, 0, 1, 1], 13), ([0, 0, 1, 1, 1], 13)]
	Point: 0
	Child: [0, 0, 1, 1, 1]
	Mutated: [0, 0, 1, 1, 1]
	Descarted: ([0, 0, 1, 1, 1], 13)
	Fitness: 15
	New population:
		 ([0, 1, 1, 1, 1], 15)
		 ([0, 1, 1, 1, 1], 15)
		 ([0, 1, 0, 1, 1], 13)
		 ([0, 0, 1, 1, 1], 13)
		 ([0, 0, 1, 1, 1], 13)
		 ([0, 0, 1, 1, 1], 13)
		 ([0, 0, 1, 1, 1], 13)
		 ([0, 0, 1, 1, 1], 13)
		 ([0, 0, 1, 1, 1], 13)
		 ([0, 0, 1, 1, 1], 13)
Iteration 44
	Selected: [([0, 0, 1, 1, 1], 13), ([0, 1, 1, 1, 1], 15)]
	Point: 3
	Child: [0, 0, 1, 1, 1]
	Mutated: [0, 0, 0, 1, 1]
	Descarted: ([0, 0, 1, 1, 1], 13)
	Fitness: 15
	New population:
		 ([0, 1, 1, 1, 1], 15)
		 ([0, 1, 1, 1, 1], 15)
		 ([0, 1, 0, 1, 1], 13)
		 ([0, 0, 1, 1, 1], 13)
		 ([0, 0, 1, 1, 1], 13)
		 ([0, 0, 1, 1, 1], 13)
		 ([0, 0, 1, 1, 1], 13)
		 ([0, 0, 1, 1, 1], 13)
		 ([0, 0, 1, 1, 1], 13)
		 ([0, 0, 1, 1, 1], 13)
Iteration 45
	Selected: [([0, 0, 1, 1, 1], 13), ([0, 0, 1, 1, 1], 13)]
	Point: 2
	Child: [0, 0, 1, 1, 1]
	Mutated: [0, 0, 1, 1, 1]
	Descarted: ([0, 0, 1, 1, 1], 13)
	Fitness: 15
	New population:
		 ([0, 1, 1, 1, 1], 15)
		 ([0, 1, 1, 1, 1], 15)
		 ([0, 1, 0, 1, 1], 13)
		 ([0, 0, 1, 1, 1], 13)
		 ([0, 0, 1, 1, 1], 13)
		 ([0, 0, 1, 1, 1], 13)
		 ([0, 0, 1, 1, 1], 13)
		 ([0, 0, 1, 1, 1], 13)
		 ([0, 0, 1, 1, 1], 13)
		 ([0, 0, 1, 1, 1], 13)
Iteration 46
	Selected: [([0, 1, 1, 1, 1], 15), ([0, 0, 1, 1, 1], 13)]
	Point: 4
	Child: [0, 1, 1, 1, 1]
	Mutated: [0, 1, 1, 1, 1]
	Descarted: ([0, 0, 1, 1, 1], 13)
	Fitness: 15
	New population:
		 ([0, 1, 1, 1, 1], 15)
		 ([0, 1, 1, 1, 1], 15)
		 ([0, 1, 1, 1, 1], 15)
		 ([0, 1, 0, 1, 1], 13)
		 ([0, 0, 1, 1, 1], 13)
		 ([0, 0, 1, 1, 1], 13)
		 ([0, 0, 1, 1, 1], 13)
		 ([0, 0, 1, 1, 1], 13)
		 ([0, 0, 1, 1, 1], 13)
		 ([0, 0, 1, 1, 1], 13)
Iteration 47
	Selected: [([0, 0, 1, 1, 1], 13), ([0, 0, 1, 1, 1], 13)]
	Point: 5
	Child: [0, 0, 1, 1, 1]
	Mutated: [0, 0, 1, 1, 1]
	Descarted: ([0, 0, 1, 1, 1], 13)
	Fitness: 15
	New population:
		 ([0, 1, 1, 1, 1], 15)
		 ([0, 1, 1, 1, 1], 15)
		 ([0, 1, 1, 1, 1], 15)
		 ([0, 1, 0, 1, 1], 13)
		 ([0, 0, 1, 1, 1], 13)
		 ([0, 0, 1, 1, 1], 13)
		 ([0, 0, 1, 1, 1], 13)
		 ([0, 0, 1, 1, 1], 13)
		 ([0, 0, 1, 1, 1], 13)
		 ([0, 0, 1, 1, 1], 13)
Iteration 48
	Selected: [([0, 0, 1, 1, 1], 13), ([0, 0, 1, 1, 1], 13)]
	Point: 1
	Child: [0, 0, 1, 1, 1]
	Mutated: [0, 0, 1, 1, 1]
	Descarted: ([0, 0, 1, 1, 1], 13)
	Fitness: 15
	New population:
		 ([0, 1, 1, 1, 1], 15)
		 ([0, 1, 1, 1, 1], 15)
		 ([0, 1, 1, 1, 1], 15)
		 ([0, 1, 0, 1, 1], 13)
		 ([0, 0, 1, 1, 1], 13)
		 ([0, 0, 1, 1, 1], 13)
		 ([0, 0, 1, 1, 1], 13)
		 ([0, 0, 1, 1, 1], 13)
		 ([0, 0, 1, 1, 1], 13)
		 ([0, 0, 1, 1, 1], 13)
Iteration 49
	Selected: [([0, 1, 0, 1, 1], 13), ([0, 0, 1, 1, 1], 13)]
	Point: 3
	Child: [0, 1, 0, 1, 1]
	Mutated: [0, 1, 0, 1, 1]
	Descarted: ([0, 0, 1, 1, 1], 13)
	Fitness: 15
	New population:
		 ([0, 1, 1, 1, 1], 15)
		 ([0, 1, 1, 1, 1], 15)
		 ([0, 1, 1, 1, 1], 15)
		 ([0, 1, 0, 1, 1], 13)
		 ([0, 0, 1, 1, 1], 13)
		 ([0, 0, 1, 1, 1], 13)
		 ([0, 0, 1, 1, 1], 13)
		 ([0, 0, 1, 1, 1], 13)
		 ([0, 0, 1, 1, 1], 13)
		 ([0, 0, 1, 1, 1], 13)
Iteration 50
	Selected: [([0, 0, 1, 1, 1], 13), ([0, 0, 1, 1, 1], 13)]
	Point: 0
	Child: [0, 0, 1, 1, 1]
	Mutated: [0, 0, 1, 1, 1]
	Descarted: ([0, 0, 1, 1, 1], 13)
	Fitness: 15
	New population:
		 ([0, 1, 1, 1, 1], 15)
		 ([0, 1, 1, 1, 1], 15)
		 ([0, 1, 1, 1, 1], 15)
		 ([0, 1, 0, 1, 1], 13)
		 ([0, 0, 1, 1, 1], 13)
		 ([0, 0, 1, 1, 1], 13)
		 ([0, 0, 1, 1, 1], 13)
		 ([0, 0, 1, 1, 1], 13)
		 ([0, 0, 1, 1, 1], 13)
		 ([0, 0, 1, 1, 1], 13)
Iteration 51
	Selected: [([0, 1, 1, 1, 1], 15), ([0, 0, 1, 1, 1], 13)]
	Point: 1
	Child: [0, 0, 1, 1, 1]
	Mutated: [0, 0, 1, 1, 1]
	Descarted: ([0, 0, 1, 1, 1], 13)
	Fitness: 15
	New population:
		 ([0, 1, 1, 1, 1], 15)
		 ([0, 1, 1, 1, 1], 15)
		 ([0, 1, 1, 1, 1], 15)
		 ([0, 1, 0, 1, 1], 13)
		 ([0, 0, 1, 1, 1], 13)
		 ([0, 0, 1, 1, 1], 13)
		 ([0, 0, 1, 1, 1], 13)
		 ([0, 0, 1, 1, 1], 13)
		 ([0, 0, 1, 1, 1], 13)
		 ([0, 0, 1, 1, 1], 13)
Iteration 52
	Selected: [([0, 0, 1, 1, 1], 13), ([0, 1, 0, 1, 1], 13)]
	Point: 5
	Child: [0, 0, 1, 1, 1]
	Mutated: [0, 0, 1, 1, 0]
	Descarted: ([0, 0, 1, 1, 1], 13)
	Fitness: 15
	New population:
		 ([0, 1, 1, 1, 1], 15)
		 ([0, 1, 1, 1, 1], 15)
		 ([0, 1, 1, 1, 1], 15)
		 ([0, 1, 0, 1, 1], 13)
		 ([0, 0, 1, 1, 1], 13)
		 ([0, 0, 1, 1, 1], 13)
		 ([0, 0, 1, 1, 1], 13)
		 ([0, 0, 1, 1, 1], 13)
		 ([0, 0, 1, 1, 1], 13)
		 ([0, 0, 1, 1, 1], 13)
Iteration 53
	Selected: [([0, 1, 1, 1, 1], 15), ([0, 0, 1, 1, 1], 13)]
	Point: 1
	Child: [0, 0, 1, 1, 1]
	Mutated: [0, 0, 1, 0, 1]
	Descarted: ([0, 0, 1, 1, 1], 13)
	Fitness: 15
	New population:
		 ([0, 1, 1, 1, 1], 15)
		 ([0, 1, 1, 1, 1], 15)
		 ([0, 1, 1, 1, 1], 15)
		 ([0, 1, 0, 1, 1], 13)
		 ([0, 0, 1, 1, 1], 13)
		 ([0, 0, 1, 1, 1], 13)
		 ([0, 0, 1, 1, 1], 13)
		 ([0, 0, 1, 1, 1], 13)
		 ([0, 0, 1, 1, 1], 13)
		 ([0, 0, 1, 1, 1], 13)
Iteration 54
	Selected: [([0, 1, 1, 1, 1], 15), ([0, 0, 1, 1, 1], 13)]
	Point: 1
	Child: [0, 0, 1, 1, 1]
	Mutated: [0, 0, 1, 1, 1]
	Descarted: ([0, 0, 1, 1, 1], 13)
	Fitness: 15
	New population:
		 ([0, 1, 1, 1, 1], 15)
		 ([0, 1, 1, 1, 1], 15)
		 ([0, 1, 1, 1, 1], 15)
		 ([0, 1, 0, 1, 1], 13)
		 ([0, 0, 1, 1, 1], 13)
		 ([0, 0, 1, 1, 1], 13)
		 ([0, 0, 1, 1, 1], 13)
		 ([0, 0, 1, 1, 1], 13)
		 ([0, 0, 1, 1, 1], 13)
		 ([0, 0, 1, 1, 1], 13)
Iteration 55
	Selected: [([0, 0, 1, 1, 1], 13), ([0, 0, 1, 1, 1], 13)]
	Point: 3
	Child: [0, 0, 1, 1, 1]
	Mutated: [0, 0, 1, 1, 1]
	Descarted: ([0, 0, 1, 1, 1], 13)
	Fitness: 15
	New population:
		 ([0, 1, 1, 1, 1], 15)
		 ([0, 1, 1, 1, 1], 15)
		 ([0, 1, 1, 1, 1], 15)
		 ([0, 1, 0, 1, 1], 13)
		 ([0, 0, 1, 1, 1], 13)
		 ([0, 0, 1, 1, 1], 13)
		 ([0, 0, 1, 1, 1], 13)
		 ([0, 0, 1, 1, 1], 13)
		 ([0, 0, 1, 1, 1], 13)
		 ([0, 0, 1, 1, 1], 13)
Iteration 56
	Selected: [([0, 0, 1, 1, 1], 13), ([0, 1, 0, 1, 1], 13)]
	Point: 5
	Child: [0, 0, 1, 1, 1]
	Mutated: [0, 0, 1, 1, 1]
	Descarted: ([0, 0, 1, 1, 1], 13)
	Fitness: 15
	New population:
		 ([0, 1, 1, 1, 1], 15)
		 ([0, 1, 1, 1, 1], 15)
		 ([0, 1, 1, 1, 1], 15)
		 ([0, 1, 0, 1, 1], 13)
		 ([0, 0, 1, 1, 1], 13)
		 ([0, 0, 1, 1, 1], 13)
		 ([0, 0, 1, 1, 1], 13)
		 ([0, 0, 1, 1, 1], 13)
		 ([0, 0, 1, 1, 1], 13)
		 ([0, 0, 1, 1, 1], 13)
Iteration 57
	Selected: [([0, 0, 1, 1, 1], 13), ([0, 1, 0, 1, 1], 13)]
	Point: 2
	Child: [0, 0, 0, 1, 1]
	Mutated: [0, 0, 1, 1, 1]
	Descarted: ([0, 0, 1, 1, 1], 13)
	Fitness: 15
	New population:
		 ([0, 1, 1, 1, 1], 15)
		 ([0, 1, 1, 1, 1], 15)
		 ([0, 1, 1, 1, 1], 15)
		 ([0, 1, 0, 1, 1], 13)
		 ([0, 0, 1, 1, 1], 13)
		 ([0, 0, 1, 1, 1], 13)
		 ([0, 0, 1, 1, 1], 13)
		 ([0, 0, 1, 1, 1], 13)
		 ([0, 0, 1, 1, 1], 13)
		 ([0, 0, 1, 1, 1], 13)
Iteration 58
	Selected: [([0, 1, 1, 1, 1], 15), ([0, 1, 0, 1, 1], 13)]
	Point: 0
	Child: [0, 1, 0, 1, 1]
	Mutated: [0, 1, 0, 0, 1]
	Descarted: ([0, 0, 1, 1, 1], 13)
	Fitness: 15
	New population:
		 ([0, 1, 1, 1, 1], 15)
		 ([0, 1, 1, 1, 1], 15)
		 ([0, 1, 1, 1, 1], 15)
		 ([0, 1, 0, 1, 1], 13)
		 ([0, 0, 1, 1, 1], 13)
		 ([0, 0, 1, 1, 1], 13)
		 ([0, 0, 1, 1, 1], 13)
		 ([0, 0, 1, 1, 1], 13)
		 ([0, 0, 1, 1, 1], 13)
		 ([0, 0, 1, 1, 1], 13)
Iteration 59
	Selected: [([0, 0, 1, 1, 1], 13), ([0, 1, 1, 1, 1], 15)]
	Point: 4
	Child: [0, 0, 1, 1, 1]
	Mutated: [0, 1, 1, 1, 1]
	Descarted: ([0, 0, 1, 1, 1], 13)
	Fitness: 15
	New population:
		 ([0, 1, 1, 1, 1], 15)
		 ([0, 1, 1, 1, 1], 15)
		 ([0, 1, 1, 1, 1], 15)
		 ([0, 1, 1, 1, 1], 15)
		 ([0, 1, 0, 1, 1], 13)
		 ([0, 0, 1, 1, 1], 13)
		 ([0, 0, 1, 1, 1], 13)
		 ([0, 0, 1, 1, 1], 13)
		 ([0, 0, 1, 1, 1], 13)
		 ([0, 0, 1, 1, 1], 13)
Iteration 60
	Selected: [([0, 0, 1, 1, 1], 13), ([0, 0, 1, 1, 1], 13)]
	Point: 5
	Child: [0, 0, 1, 1, 1]
	Mutated: [0, 0, 1, 1, 1]
	Descarted: ([0, 0, 1, 1, 1], 13)
	Fitness: 15
	New population:
		 ([0, 1, 1, 1, 1], 15)
		 ([0, 1, 1, 1, 1], 15)
		 ([0, 1, 1, 1, 1], 15)
		 ([0, 1, 1, 1, 1], 15)
		 ([0, 1, 0, 1, 1], 13)
		 ([0, 0, 1, 1, 1], 13)
		 ([0, 0, 1, 1, 1], 13)
		 ([0, 0, 1, 1, 1], 13)
		 ([0, 0, 1, 1, 1], 13)
		 ([0, 0, 1, 1, 1], 13)
Iteration 61
	Selected: [([0, 0, 1, 1, 1], 13), ([0, 1, 1, 1, 1], 15)]
	Point: 3
	Child: [0, 0, 1, 1, 1]
	Mutated: [0, 0, 1, 1, 1]
	Descarted: ([0, 0, 1, 1, 1], 13)
	Fitness: 15
	New population:
		 ([0, 1, 1, 1, 1], 15)
		 ([0, 1, 1, 1, 1], 15)
		 ([0, 1, 1, 1, 1], 15)
		 ([0, 1, 1, 1, 1], 15)
		 ([0, 1, 0, 1, 1], 13)
		 ([0, 0, 1, 1, 1], 13)
		 ([0, 0, 1, 1, 1], 13)
		 ([0, 0, 1, 1, 1], 13)
		 ([0, 0, 1, 1, 1], 13)
		 ([0, 0, 1, 1, 1], 13)
Iteration 62
	Selected: [([0, 1, 1, 1, 1], 15), ([0, 0, 1, 1, 1], 13)]
	Point: 0
	Child: [0, 0, 1, 1, 1]
	Mutated: [0, 0, 1, 0, 1]
	Descarted: ([0, 0, 1, 1, 1], 13)
	Fitness: 15
	New population:
		 ([0, 1, 1, 1, 1], 15)
		 ([0, 1, 1, 1, 1], 15)
		 ([0, 1, 1, 1, 1], 15)
		 ([0, 1, 1, 1, 1], 15)
		 ([0, 1, 0, 1, 1], 13)
		 ([0, 0, 1, 1, 1], 13)
		 ([0, 0, 1, 1, 1], 13)
		 ([0, 0, 1, 1, 1], 13)
		 ([0, 0, 1, 1, 1], 13)
		 ([0, 0, 1, 1, 1], 13)
Iteration 63
	Selected: [([0, 0, 1, 1, 1], 13), ([0, 1, 1, 1, 1], 15)]
	Point: 0
	Child: [0, 1, 1, 1, 1]
	Mutated: [0, 1, 1, 1, 1]
	Descarted: ([0, 0, 1, 1, 1], 13)
	Fitness: 15
	New population:
		 ([0, 1, 1, 1, 1], 15)
		 ([0, 1, 1, 1, 1], 15)
		 ([0, 1, 1, 1, 1], 15)
		 ([0, 1, 1, 1, 1], 15)
		 ([0, 1, 1, 1, 1], 15)
		 ([0, 1, 0, 1, 1], 13)
		 ([0, 0, 1, 1, 1], 13)
		 ([0, 0, 1, 1, 1], 13)
		 ([0, 0, 1, 1, 1], 13)
		 ([0, 0, 1, 1, 1], 13)
Iteration 64
	Selected: [([0, 1, 1, 1, 1], 15), ([0, 0, 1, 1, 1], 13)]
	Point: 2
	Child: [0, 1, 1, 1, 1]
	Mutated: [0, 1, 1, 0, 1]
	Descarted: ([0, 0, 1, 1, 1], 13)
	Fitness: 15
	New population:
		 ([0, 1, 1, 1, 1], 15)
		 ([0, 1, 1, 1, 1], 15)
		 ([0, 1, 1, 1, 1], 15)
		 ([0, 1, 1, 1, 1], 15)
		 ([0, 1, 1, 1, 1], 15)
		 ([0, 1, 1, 0, 1], 14)
		 ([0, 1, 0, 1, 1], 13)
		 ([0, 0, 1, 1, 1], 13)
		 ([0, 0, 1, 1, 1], 13)
		 ([0, 0, 1, 1, 1], 13)
Iteration 65
	Selected: [([0, 1, 1, 1, 1], 15), ([0, 1, 1, 1, 1], 15)]
	Point: 5
	Child: [0, 1, 1, 1, 1]
	Mutated: [1, 0, 1, 1, 1]
	Descarted: ([0, 0, 1, 1, 1], 13)
	Fitness: 15
	New population:
		 ([0, 1, 1, 1, 1], 15)
		 ([0, 1, 1, 1, 1], 15)
		 ([0, 1, 1, 1, 1], 15)
		 ([0, 1, 1, 1, 1], 15)
		 ([0, 1, 1, 1, 1], 15)
		 ([0, 1, 1, 0, 1], 14)
		 ([0, 1, 0, 1, 1], 13)
		 ([0, 0, 1, 1, 1], 13)
		 ([0, 0, 1, 1, 1], 13)
		 ([0, 0, 1, 1, 1], 13)
Iteration 66
	Selected: [([0, 1, 1, 1, 1], 15), ([0, 1, 1, 1, 1], 15)]
	Point: 3
	Child: [0, 1, 1, 1, 1]
	Mutated: [0, 1, 1, 1, 1]
	Descarted: ([0, 0, 1, 1, 1], 13)
	Fitness: 15
	New population:
		 ([0, 1, 1, 1, 1], 15)
		 ([0, 1, 1, 1, 1], 15)
		 ([0, 1, 1, 1, 1], 15)
		 ([0, 1, 1, 1, 1], 15)
		 ([0, 1, 1, 1, 1], 15)
		 ([0, 1, 1, 1, 1], 15)
		 ([0, 1, 1, 0, 1], 14)
		 ([0, 1, 0, 1, 1], 13)
		 ([0, 0, 1, 1, 1], 13)
		 ([0, 0, 1, 1, 1], 13)
Iteration 67
	Selected: [([0, 1, 1, 1, 1], 15), ([0, 1, 1, 1, 1], 15)]
	Point: 1
	Child: [0, 1, 1, 1, 1]
	Mutated: [0, 1, 0, 1, 1]
	Descarted: ([0, 0, 1, 1, 1], 13)
	Fitness: 15
	New population:
		 ([0, 1, 1, 1, 1], 15)
		 ([0, 1, 1, 1, 1], 15)
		 ([0, 1, 1, 1, 1], 15)
		 ([0, 1, 1, 1, 1], 15)
		 ([0, 1, 1, 1, 1], 15)
		 ([0, 1, 1, 1, 1], 15)
		 ([0, 1, 1, 0, 1], 14)
		 ([0, 1, 0, 1, 1], 13)
		 ([0, 0, 1, 1, 1], 13)
		 ([0, 0, 1, 1, 1], 13)
Iteration 68
	Selected: [([0, 1, 1, 0, 1], 14), ([0, 0, 1, 1, 1], 13)]
	Point: 5
	Child: [0, 1, 1, 0, 1]
	Mutated: [0, 1, 1, 0, 1]
	Descarted: ([0, 0, 1, 1, 1], 13)
	Fitness: 15
	New population:
		 ([0, 1, 1, 1, 1], 15)
		 ([0, 1, 1, 1, 1], 15)
		 ([0, 1, 1, 1, 1], 15)
		 ([0, 1, 1, 1, 1], 15)
		 ([0, 1, 1, 1, 1], 15)
		 ([0, 1, 1, 1, 1], 15)
		 ([0, 1, 1, 0, 1], 14)
		 ([0, 1, 1, 0, 1], 14)
		 ([0, 1, 0, 1, 1], 13)
		 ([0, 0, 1, 1, 1], 13)
Iteration 69
	Selected: [([0, 1, 1, 1, 1], 15), ([0, 1, 1, 1, 1], 15)]
	Point: 4
	Child: [0, 1, 1, 1, 1]
	Mutated: [0, 1, 1, 1, 1]
	Descarted: ([0, 1, 0, 1, 1], 13)
	Fitness: 15
	New population:
		 ([0, 1, 1, 1, 1], 15)
		 ([0, 1, 1, 1, 1], 15)
		 ([0, 1, 1, 1, 1], 15)
		 ([0, 1, 1, 1, 1], 15)
		 ([0, 1, 1, 1, 1], 15)
		 ([0, 1, 1, 1, 1], 15)
		 ([0, 1, 1, 1, 1], 15)
		 ([0, 1, 1, 0, 1], 14)
		 ([0, 1, 1, 0, 1], 14)
		 ([0, 1, 0, 1, 1], 13)
Iteration 70
	Selected: [([0, 1, 1, 1, 1], 15), ([0, 1, 1, 1, 1], 15)]
	Point: 3
	Child: [0, 1, 1, 1, 1]
	Mutated: [0, 1, 1, 1, 1]
	Descarted: ([0, 1, 1, 0, 1], 14)
	Fitness: 15
	New population:
		 ([0, 1, 1, 1, 1], 15)
		 ([0, 1, 1, 1, 1], 15)
		 ([0, 1, 1, 1, 1], 15)
		 ([0, 1, 1, 1, 1], 15)
		 ([0, 1, 1, 1, 1], 15)
		 ([0, 1, 1, 1, 1], 15)
		 ([0, 1, 1, 1, 1], 15)
		 ([0, 1, 1, 1, 1], 15)
		 ([0, 1, 1, 0, 1], 14)
		 ([0, 1, 1, 0, 1], 14)
Iteration 71
	Selected: [([0, 1, 1, 1, 1], 15), ([0, 1, 1, 1, 1], 15)]
	Point: 1
	Child: [0, 1, 1, 1, 1]
	Mutated: [0, 1, 1, 1, 1]
	Descarted: ([0, 1, 1, 0, 1], 14)
	Fitness: 15
	New population:
		 ([0, 1, 1, 1, 1], 15)
		 ([0, 1, 1, 1, 1], 15)
		 ([0, 1, 1, 1, 1], 15)
		 ([0, 1, 1, 1, 1], 15)
		 ([0, 1, 1, 1, 1], 15)
		 ([0, 1, 1, 1, 1], 15)
		 ([0, 1, 1, 1, 1], 15)
		 ([0, 1, 1, 1, 1], 15)
		 ([0, 1, 1, 1, 1], 15)
		 ([0, 1, 1, 0, 1], 14)
Iteration 72
	Selected: [([0, 1, 1, 1, 1], 15), ([0, 1, 1, 0, 1], 14)]
	Point: 3
	Child: [0, 1, 1, 0, 1]
	Mutated: [0, 1, 1, 0, 1]
	Descarted: ([0, 1, 1, 0, 1], 14)
	Fitness: 15
	New population:
		 ([0, 1, 1, 1, 1], 15)
		 ([0, 1, 1, 1, 1], 15)
		 ([0, 1, 1, 1, 1], 15)
		 ([0, 1, 1, 1, 1], 15)
		 ([0, 1, 1, 1, 1], 15)
		 ([0, 1, 1, 1, 1], 15)
		 ([0, 1, 1, 1, 1], 15)
		 ([0, 1, 1, 1, 1], 15)
		 ([0, 1, 1, 1, 1], 15)
		 ([0, 1, 1, 0, 1], 14)
Iteration 73
	Selected: [([0, 1, 1, 1, 1], 15), ([0, 1, 1, 1, 1], 15)]
	Point: 1
	Child: [0, 1, 1, 1, 1]
	Mutated: [0, 1, 1, 1, 1]
	Descarted: ([0, 1, 1, 1, 1], 15)
	Fitness: 15
	New population:
		 ([0, 1, 1, 1, 1], 15)
		 ([0, 1, 1, 1, 1], 15)
		 ([0, 1, 1, 1, 1], 15)
		 ([0, 1, 1, 1, 1], 15)
		 ([0, 1, 1, 1, 1], 15)
		 ([0, 1, 1, 1, 1], 15)
		 ([0, 1, 1, 1, 1], 15)
		 ([0, 1, 1, 1, 1], 15)
		 ([0, 1, 1, 1, 1], 15)
		 ([0, 1, 1, 1, 1], 15)
Iteration 74
	Selected: [([0, 1, 1, 1, 1], 15), ([0, 1, 1, 1, 1], 15)]
	Point: 3
	Child: [0, 1, 1, 1, 1]
	Mutated: [0, 1, 1, 1, 1]
	Descarted: ([0, 1, 1, 1, 1], 15)
	Fitness: 15
	New population:
		 ([0, 1, 1, 1, 1], 15)
		 ([0, 1, 1, 1, 1], 15)
		 ([0, 1, 1, 1, 1], 15)
		 ([0, 1, 1, 1, 1], 15)
		 ([0, 1, 1, 1, 1], 15)
		 ([0, 1, 1, 1, 1], 15)
		 ([0, 1, 1, 1, 1], 15)
		 ([0, 1, 1, 1, 1], 15)
		 ([0, 1, 1, 1, 1], 15)
		 ([0, 1, 1, 1, 1], 15)
Iteration 75
	Selected: [([0, 1, 1, 1, 1], 15), ([0, 1, 1, 1, 1], 15)]
	Point: 0
	Child: [0, 1, 1, 1, 1]
	Mutated: [0, 1, 1, 1, 1]
	Descarted: ([0, 1, 1, 1, 1], 15)
	Fitness: 15
	New population:
		 ([0, 1, 1, 1, 1], 15)
		 ([0, 1, 1, 1, 1], 15)
		 ([0, 1, 1, 1, 1], 15)
		 ([0, 1, 1, 1, 1], 15)
		 ([0, 1, 1, 1, 1], 15)
		 ([0, 1, 1, 1, 1], 15)
		 ([0, 1, 1, 1, 1], 15)
		 ([0, 1, 1, 1, 1], 15)
		 ([0, 1, 1, 1, 1], 15)
		 ([0, 1, 1, 1, 1], 15)
Iteration 76
	Selected: [([0, 1, 1, 1, 1], 15), ([0, 1, 1, 1, 1], 15)]
	Point: 5
	Child: [0, 1, 1, 1, 1]
	Mutated: [0, 1, 0, 1, 1]
	Descarted: ([0, 1, 1, 1, 1], 15)
	Fitness: 15
	New population:
		 ([0, 1, 1, 1, 1], 15)
		 ([0, 1, 1, 1, 1], 15)
		 ([0, 1, 1, 1, 1], 15)
		 ([0, 1, 1, 1, 1], 15)
		 ([0, 1, 1, 1, 1], 15)
		 ([0, 1, 1, 1, 1], 15)
		 ([0, 1, 1, 1, 1], 15)
		 ([0, 1, 1, 1, 1], 15)
		 ([0, 1, 1, 1, 1], 15)
		 ([0, 1, 1, 1, 1], 15)
Iteration 77
	Selected: [([0, 1, 1, 1, 1], 15), ([0, 1, 1, 1, 1], 15)]
	Point: 5
	Child: [0, 1, 1, 1, 1]
	Mutated: [0, 1, 1, 1, 1]
	Descarted: ([0, 1, 1, 1, 1], 15)
	Fitness: 15
	New population:
		 ([0, 1, 1, 1, 1], 15)
		 ([0, 1, 1, 1, 1], 15)
		 ([0, 1, 1, 1, 1], 15)
		 ([0, 1, 1, 1, 1], 15)
		 ([0, 1, 1, 1, 1], 15)
		 ([0, 1, 1, 1, 1], 15)
		 ([0, 1, 1, 1, 1], 15)
		 ([0, 1, 1, 1, 1], 15)
		 ([0, 1, 1, 1, 1], 15)
		 ([0, 1, 1, 1, 1], 15)
Iteration 78
	Selected: [([0, 1, 1, 1, 1], 15), ([0, 1, 1, 1, 1], 15)]
	Point: 5
	Child: [0, 1, 1, 1, 1]
	Mutated: [0, 1, 1, 1, 1]
	Descarted: ([0, 1, 1, 1, 1], 15)
	Fitness: 15
	New population:
		 ([0, 1, 1, 1, 1], 15)
		 ([0, 1, 1, 1, 1], 15)
		 ([0, 1, 1, 1, 1], 15)
		 ([0, 1, 1, 1, 1], 15)
		 ([0, 1, 1, 1, 1], 15)
		 ([0, 1, 1, 1, 1], 15)
		 ([0, 1, 1, 1, 1], 15)
		 ([0, 1, 1, 1, 1], 15)
		 ([0, 1, 1, 1, 1], 15)
		 ([0, 1, 1, 1, 1], 15)
Iteration 79
	Selected: [([0, 1, 1, 1, 1], 15), ([0, 1, 1, 1, 1], 15)]
	Point: 1
	Child: [0, 1, 1, 1, 1]
	Mutated: [0, 1, 1, 1, 1]
	Descarted: ([0, 1, 1, 1, 1], 15)
	Fitness: 15
	New population:
		 ([0, 1, 1, 1, 1], 15)
		 ([0, 1, 1, 1, 1], 15)
		 ([0, 1, 1, 1, 1], 15)
		 ([0, 1, 1, 1, 1], 15)
		 ([0, 1, 1, 1, 1], 15)
		 ([0, 1, 1, 1, 1], 15)
		 ([0, 1, 1, 1, 1], 15)
		 ([0, 1, 1, 1, 1], 15)
		 ([0, 1, 1, 1, 1], 15)
		 ([0, 1, 1, 1, 1], 15)
Iteration 80
	Selected: [([0, 1, 1, 1, 1], 15), ([0, 1, 1, 1, 1], 15)]
	Point: 1
	Child: [0, 1, 1, 1, 1]
	Mutated: [0, 1, 1, 1, 1]
	Descarted: ([0, 1, 1, 1, 1], 15)
	Fitness: 15
	New population:
		 ([0, 1, 1, 1, 1], 15)
		 ([0, 1, 1, 1, 1], 15)
		 ([0, 1, 1, 1, 1], 15)
		 ([0, 1, 1, 1, 1], 15)
		 ([0, 1, 1, 1, 1], 15)
		 ([0, 1, 1, 1, 1], 15)
		 ([0, 1, 1, 1, 1], 15)
		 ([0, 1, 1, 1, 1], 15)
		 ([0, 1, 1, 1, 1], 15)
		 ([0, 1, 1, 1, 1], 15)
Iteration 81
	Selected: [([0, 1, 1, 1, 1], 15), ([0, 1, 1, 1, 1], 15)]
	Point: 4
	Child: [0, 1, 1, 1, 1]
	Mutated: [0, 1, 1, 1, 1]
	Descarted: ([0, 1, 1, 1, 1], 15)
	Fitness: 15
	New population:
		 ([0, 1, 1, 1, 1], 15)
		 ([0, 1, 1, 1, 1], 15)
		 ([0, 1, 1, 1, 1], 15)
		 ([0, 1, 1, 1, 1], 15)
		 ([0, 1, 1, 1, 1], 15)
		 ([0, 1, 1, 1, 1], 15)
		 ([0, 1, 1, 1, 1], 15)
		 ([0, 1, 1, 1, 1], 15)
		 ([0, 1, 1, 1, 1], 15)
		 ([0, 1, 1, 1, 1], 15)
Iteration 82
	Selected: [([0, 1, 1, 1, 1], 15), ([0, 1, 1, 1, 1], 15)]
	Point: 3
	Child: [0, 1, 1, 1, 1]
	Mutated: [0, 1, 1, 1, 1]
	Descarted: ([0, 1, 1, 1, 1], 15)
	Fitness: 15
	New population:
		 ([0, 1, 1, 1, 1], 15)
		 ([0, 1, 1, 1, 1], 15)
		 ([0, 1, 1, 1, 1], 15)
		 ([0, 1, 1, 1, 1], 15)
		 ([0, 1, 1, 1, 1], 15)
		 ([0, 1, 1, 1, 1], 15)
		 ([0, 1, 1, 1, 1], 15)
		 ([0, 1, 1, 1, 1], 15)
		 ([0, 1, 1, 1, 1], 15)
		 ([0, 1, 1, 1, 1], 15)
Iteration 83
	Selected: [([0, 1, 1, 1, 1], 15), ([0, 1, 1, 1, 1], 15)]
	Point: 3
	Child: [0, 1, 1, 1, 1]
	Mutated: [0, 1, 1, 1, 1]
	Descarted: ([0, 1, 1, 1, 1], 15)
	Fitness: 15
	New population:
		 ([0, 1, 1, 1, 1], 15)
		 ([0, 1, 1, 1, 1], 15)
		 ([0, 1, 1, 1, 1], 15)
		 ([0, 1, 1, 1, 1], 15)
		 ([0, 1, 1, 1, 1], 15)
		 ([0, 1, 1, 1, 1], 15)
		 ([0, 1, 1, 1, 1], 15)
		 ([0, 1, 1, 1, 1], 15)
		 ([0, 1, 1, 1, 1], 15)
		 ([0, 1, 1, 1, 1], 15)
Iteration 84
	Selected: [([0, 1, 1, 1, 1], 15), ([0, 1, 1, 1, 1], 15)]
	Point: 1
	Child: [0, 1, 1, 1, 1]
	Mutated: [0, 1, 1, 1, 1]
	Descarted: ([0, 1, 1, 1, 1], 15)
	Fitness: 15
	New population:
		 ([0, 1, 1, 1, 1], 15)
		 ([0, 1, 1, 1, 1], 15)
		 ([0, 1, 1, 1, 1], 15)
		 ([0, 1, 1, 1, 1], 15)
		 ([0, 1, 1, 1, 1], 15)
		 ([0, 1, 1, 1, 1], 15)
		 ([0, 1, 1, 1, 1], 15)
		 ([0, 1, 1, 1, 1], 15)
		 ([0, 1, 1, 1, 1], 15)
		 ([0, 1, 1, 1, 1], 15)
Iteration 85
	Selected: [([0, 1, 1, 1, 1], 15), ([0, 1, 1, 1, 1], 15)]
	Point: 3
	Child: [0, 1, 1, 1, 1]
	Mutated: [0, 1, 1, 1, 1]
	Descarted: ([0, 1, 1, 1, 1], 15)
	Fitness: 15
	New population:
		 ([0, 1, 1, 1, 1], 15)
		 ([0, 1, 1, 1, 1], 15)
		 ([0, 1, 1, 1, 1], 15)
		 ([0, 1, 1, 1, 1], 15)
		 ([0, 1, 1, 1, 1], 15)
		 ([0, 1, 1, 1, 1], 15)
		 ([0, 1, 1, 1, 1], 15)
		 ([0, 1, 1, 1, 1], 15)
		 ([0, 1, 1, 1, 1], 15)
		 ([0, 1, 1, 1, 1], 15)
Iteration 86
	Selected: [([0, 1, 1, 1, 1], 15), ([0, 1, 1, 1, 1], 15)]
	Point: 1
	Child: [0, 1, 1, 1, 1]
	Mutated: [0, 1, 0, 1, 1]
	Descarted: ([0, 1, 1, 1, 1], 15)
	Fitness: 15
	New population:
		 ([0, 1, 1, 1, 1], 15)
		 ([0, 1, 1, 1, 1], 15)
		 ([0, 1, 1, 1, 1], 15)
		 ([0, 1, 1, 1, 1], 15)
		 ([0, 1, 1, 1, 1], 15)
		 ([0, 1, 1, 1, 1], 15)
		 ([0, 1, 1, 1, 1], 15)
		 ([0, 1, 1, 1, 1], 15)
		 ([0, 1, 1, 1, 1], 15)
		 ([0, 1, 1, 1, 1], 15)
Iteration 87
	Selected: [([0, 1, 1, 1, 1], 15), ([0, 1, 1, 1, 1], 15)]
	Point: 3
	Child: [0, 1, 1, 1, 1]
	Mutated: [0, 1, 1, 1, 1]
	Descarted: ([0, 1, 1, 1, 1], 15)
	Fitness: 15
	New population:
		 ([0, 1, 1, 1, 1], 15)
		 ([0, 1, 1, 1, 1], 15)
		 ([0, 1, 1, 1, 1], 15)
		 ([0, 1, 1, 1, 1], 15)
		 ([0, 1, 1, 1, 1], 15)
		 ([0, 1, 1, 1, 1], 15)
		 ([0, 1, 1, 1, 1], 15)
		 ([0, 1, 1, 1, 1], 15)
		 ([0, 1, 1, 1, 1], 15)
		 ([0, 1, 1, 1, 1], 15)
Iteration 88
	Selected: [([0, 1, 1, 1, 1], 15), ([0, 1, 1, 1, 1], 15)]
	Point: 5
	Child: [0, 1, 1, 1, 1]
	Mutated: [0, 1, 1, 1, 1]
	Descarted: ([0, 1, 1, 1, 1], 15)
	Fitness: 15
	New population:
		 ([0, 1, 1, 1, 1], 15)
		 ([0, 1, 1, 1, 1], 15)
		 ([0, 1, 1, 1, 1], 15)
		 ([0, 1, 1, 1, 1], 15)
		 ([0, 1, 1, 1, 1], 15)
		 ([0, 1, 1, 1, 1], 15)
		 ([0, 1, 1, 1, 1], 15)
		 ([0, 1, 1, 1, 1], 15)
		 ([0, 1, 1, 1, 1], 15)
		 ([0, 1, 1, 1, 1], 15)
Iteration 89
	Selected: [([0, 1, 1, 1, 1], 15), ([0, 1, 1, 1, 1], 15)]
	Point: 0
	Child: [0, 1, 1, 1, 1]
	Mutated: [0, 1, 1, 1, 0]
	Descarted: ([0, 1, 1, 1, 1], 15)
	Fitness: 15
	New population:
		 ([0, 1, 1, 1, 1], 15)
		 ([0, 1, 1, 1, 1], 15)
		 ([0, 1, 1, 1, 1], 15)
		 ([0, 1, 1, 1, 1], 15)
		 ([0, 1, 1, 1, 1], 15)
		 ([0, 1, 1, 1, 1], 15)
		 ([0, 1, 1, 1, 1], 15)
		 ([0, 1, 1, 1, 1], 15)
		 ([0, 1, 1, 1, 1], 15)
		 ([0, 1, 1, 1, 1], 15)
Iteration 90
	Selected: [([0, 1, 1, 1, 1], 15), ([0, 1, 1, 1, 1], 15)]
	Point: 4
	Child: [0, 1, 1, 1, 1]
	Mutated: [0, 1, 1, 1, 1]
	Descarted: ([0, 1, 1, 1, 1], 15)
	Fitness: 15
	New population:
		 ([0, 1, 1, 1, 1], 15)
		 ([0, 1, 1, 1, 1], 15)
		 ([0, 1, 1, 1, 1], 15)
		 ([0, 1, 1, 1, 1], 15)
		 ([0, 1, 1, 1, 1], 15)
		 ([0, 1, 1, 1, 1], 15)
		 ([0, 1, 1, 1, 1], 15)
		 ([0, 1, 1, 1, 1], 15)
		 ([0, 1, 1, 1, 1], 15)
		 ([0, 1, 1, 1, 1], 15)
Iteration 91
	Selected: [([0, 1, 1, 1, 1], 15), ([0, 1, 1, 1, 1], 15)]
	Point: 4
	Child: [0, 1, 1, 1, 1]
	Mutated: [0, 1, 1, 1, 1]
	Descarted: ([0, 1, 1, 1, 1], 15)
	Fitness: 15
	New population:
		 ([0, 1, 1, 1, 1], 15)
		 ([0, 1, 1, 1, 1], 15)
		 ([0, 1, 1, 1, 1], 15)
		 ([0, 1, 1, 1, 1], 15)
		 ([0, 1, 1, 1, 1], 15)
		 ([0, 1, 1, 1, 1], 15)
		 ([0, 1, 1, 1, 1], 15)
		 ([0, 1, 1, 1, 1], 15)
		 ([0, 1, 1, 1, 1], 15)
		 ([0, 1, 1, 1, 1], 15)
Iteration 92
	Selected: [([0, 1, 1, 1, 1], 15), ([0, 1, 1, 1, 1], 15)]
	Point: 0
	Child: [0, 1, 1, 1, 1]
	Mutated: [1, 1, 1, 1, 1]
	Descarted: ([0, 1, 1, 1, 1], 15)
	Fitness: 15
	New population:
		 ([0, 1, 1, 1, 1], 15)
		 ([0, 1, 1, 1, 1], 15)
		 ([0, 1, 1, 1, 1], 15)
		 ([0, 1, 1, 1, 1], 15)
		 ([0, 1, 1, 1, 1], 15)
		 ([0, 1, 1, 1, 1], 15)
		 ([0, 1, 1, 1, 1], 15)
		 ([0, 1, 1, 1, 1], 15)
		 ([0, 1, 1, 1, 1], 15)
		 ([0, 1, 1, 1, 1], 15)
Iteration 93
	Selected: [([0, 1, 1, 1, 1], 15), ([0, 1, 1, 1, 1], 15)]
	Point: 1
	Child: [0, 1, 1, 1, 1]
	Mutated: [0, 1, 1, 1, 1]
	Descarted: ([0, 1, 1, 1, 1], 15)
	Fitness: 15
	New population:
		 ([0, 1, 1, 1, 1], 15)
		 ([0, 1, 1, 1, 1], 15)
		 ([0, 1, 1, 1, 1], 15)
		 ([0, 1, 1, 1, 1], 15)
		 ([0, 1, 1, 1, 1], 15)
		 ([0, 1, 1, 1, 1], 15)
		 ([0, 1, 1, 1, 1], 15)
		 ([0, 1, 1, 1, 1], 15)
		 ([0, 1, 1, 1, 1], 15)
		 ([0, 1, 1, 1, 1], 15)
Iteration 94
	Selected: [([0, 1, 1, 1, 1], 15), ([0, 1, 1, 1, 1], 15)]
	Point: 3
	Child: [0, 1, 1, 1, 1]
	Mutated: [0, 1, 1, 1, 1]
	Descarted: ([0, 1, 1, 1, 1], 15)
	Fitness: 15
	New population:
		 ([0, 1, 1, 1, 1], 15)
		 ([0, 1, 1, 1, 1], 15)
		 ([0, 1, 1, 1, 1], 15)
		 ([0, 1, 1, 1, 1], 15)
		 ([0, 1, 1, 1, 1], 15)
		 ([0, 1, 1, 1, 1], 15)
		 ([0, 1, 1, 1, 1], 15)
		 ([0, 1, 1, 1, 1], 15)
		 ([0, 1, 1, 1, 1], 15)
		 ([0, 1, 1, 1, 1], 15)
Iteration 95
	Selected: [([0, 1, 1, 1, 1], 15), ([0, 1, 1, 1, 1], 15)]
	Point: 5
	Child: [0, 1, 1, 1, 1]
	Mutated: [0, 1, 1, 1, 1]
	Descarted: ([0, 1, 1, 1, 1], 15)
	Fitness: 15
	New population:
		 ([0, 1, 1, 1, 1], 15)
		 ([0, 1, 1, 1, 1], 15)
		 ([0, 1, 1, 1, 1], 15)
		 ([0, 1, 1, 1, 1], 15)
		 ([0, 1, 1, 1, 1], 15)
		 ([0, 1, 1, 1, 1], 15)
		 ([0, 1, 1, 1, 1], 15)
		 ([0, 1, 1, 1, 1], 15)
		 ([0, 1, 1, 1, 1], 15)
		 ([0, 1, 1, 1, 1], 15)
Iteration 96
	Selected: [([0, 1, 1, 1, 1], 15), ([0, 1, 1, 1, 1], 15)]
	Point: 3
	Child: [0, 1, 1, 1, 1]
	Mutated: [0, 1, 0, 1, 1]
	Descarted: ([0, 1, 1, 1, 1], 15)
	Fitness: 15
	New population:
		 ([0, 1, 1, 1, 1], 15)
		 ([0, 1, 1, 1, 1], 15)
		 ([0, 1, 1, 1, 1], 15)
		 ([0, 1, 1, 1, 1], 15)
		 ([0, 1, 1, 1, 1], 15)
		 ([0, 1, 1, 1, 1], 15)
		 ([0, 1, 1, 1, 1], 15)
		 ([0, 1, 1, 1, 1], 15)
		 ([0, 1, 1, 1, 1], 15)
		 ([0, 1, 1, 1, 1], 15)
Iteration 97
	Selected: [([0, 1, 1, 1, 1], 15), ([0, 1, 1, 1, 1], 15)]
	Point: 4
	Child: [0, 1, 1, 1, 1]
	Mutated: [0, 1, 1, 1, 1]
	Descarted: ([0, 1, 1, 1, 1], 15)
	Fitness: 15
	New population:
		 ([0, 1, 1, 1, 1], 15)
		 ([0, 1, 1, 1, 1], 15)
		 ([0, 1, 1, 1, 1], 15)
		 ([0, 1, 1, 1, 1], 15)
		 ([0, 1, 1, 1, 1], 15)
		 ([0, 1, 1, 1, 1], 15)
		 ([0, 1, 1, 1, 1], 15)
		 ([0, 1, 1, 1, 1], 15)
		 ([0, 1, 1, 1, 1], 15)
		 ([0, 1, 1, 1, 1], 15)
Iteration 98
	Selected: [([0, 1, 1, 1, 1], 15), ([0, 1, 1, 1, 1], 15)]
	Point: 2
	Child: [0, 1, 1, 1, 1]
	Mutated: [0, 1, 1, 1, 1]
	Descarted: ([0, 1, 1, 1, 1], 15)
	Fitness: 15
	New population:
		 ([0, 1, 1, 1, 1], 15)
		 ([0, 1, 1, 1, 1], 15)
		 ([0, 1, 1, 1, 1], 15)
		 ([0, 1, 1, 1, 1], 15)
		 ([0, 1, 1, 1, 1], 15)
		 ([0, 1, 1, 1, 1], 15)
		 ([0, 1, 1, 1, 1], 15)
		 ([0, 1, 1, 1, 1], 15)
		 ([0, 1, 1, 1, 1], 15)
		 ([0, 1, 1, 1, 1], 15)
Iteration 99
	Selected: [([0, 1, 1, 1, 1], 15), ([0, 1, 1, 1, 1], 15)]
	Point: 2
	Child: [0, 1, 1, 1, 1]
	Mutated: [0, 1, 0, 1, 1]
	Descarted: ([0, 1, 1, 1, 1], 15)
	Fitness: 15
	New population:
		 ([0, 1, 1, 1, 1], 15)
		 ([0, 1, 1, 1, 1], 15)
		 ([0, 1, 1, 1, 1], 15)
		 ([0, 1, 1, 1, 1], 15)
		 ([0, 1, 1, 1, 1], 15)
		 ([0, 1, 1, 1, 1], 15)
		 ([0, 1, 1, 1, 1], 15)
		 ([0, 1, 1, 1, 1], 15)
		 ([0, 1, 1, 1, 1], 15)
		 ([0, 1, 1, 1, 1], 15)
Total value: 15
Best individual: [0, 1, 1, 1, 1]
Weigth: 8/10
